			
ROI	Mean	STD	Sum	Min	Max	Pixel count	
ROI 1	248.500	95.024	2982.000	106.000	466.000	12	
ROI 1	181.333	75.563	2176.000	90.000	354.000	12	
ROI 1	150.083	54.718	1801.000	83.000	283.000	12	
ROI 1	147.083	52.758	1765.000	74.000	228.000	12	
ROI 1	158.083	55.628	1897.000	88.000	259.000	12	
ROI 1	184.500	82.403	2214.000	75.000	344.000	12	
ROI 1	209.583	95.911	2515.000	97.000	379.000	12	
ROI 1	247.667	58.069	2972.000	165.000	375.000	12	
ROI 1	278.083	58.257	3337.000	192.000	412.000	12	
ROI 1	309.917	60.907	3719.000	241.000	406.000	12	
ROI 1	345.667	47.431	4148.000	268.000	404.000	12	
ROI 1	365.250	59.696	4383.000	283.000	457.000	12	
ROI 1	379.583	77.570	4555.000	271.000	525.000	12	
ROI 1	411.083	58.883	4933.000	299.000	502.000	12	
ROI 1	423.333	67.391	5080.000	325.000	566.000	12	
ROI 1	429.167	62.088	5150.000	338.000	559.000	12	
ROI 1	414.500	71.333	4974.000	296.000	580.000	12	
ROI 1	429.000	58.138	5148.000	343.000	515.000	12	
ROI 1	458.000	61.326	5496.000	377.000	590.000	12	
ROI 1	437.417	67.379	5249.000	371.000	592.000	12	
ROI 1	429.083	54.191	5149.000	340.000	530.000	12	
ROI 1	453.000	55.148	5436.000	374.000	555.000	12	
ROI 1	451.417	56.678	5417.000	397.000	569.000	12	
ROI 1	446.917	71.359	5363.000	376.000	617.000	12	
ROI 1	448.167	69.840	5378.000	346.000	586.000	12	
ROI 1	437.333	56.506	5248.000	372.000	574.000	12	
ROI 1	462.833	54.072	5554.000	381.000	567.000	12	
ROI 1	452.917	49.253	5435.000	392.000	547.000	12	
ROI 1	460.500	66.819	5526.000	377.000	572.000	12	
ROI 1	474.833	66.877	5698.000	405.000	630.000	12	
ROI 1	480.417	67.202	5765.000	373.000	594.000	12	
ROI 1	460.000	73.190	5520.000	359.000	624.000	12	
ROI 1	478.083	65.705	5737.000	396.000	611.000	12	
ROI 1	482.667	52.109	5792.000	422.000	600.000	12	
ROI 1	485.833	78.781	5830.000	377.000	638.000	12	
ROI 1	491.333	69.056	5896.000	368.000	643.000	12	
ROI 1	497.333	66.829	5968.000	408.000	640.000	12	
ROI 1	476.083	67.655	5713.000	382.000	658.000	12	
ROI 1	476.417	68.109	5717.000	388.000	607.000	12	
ROI 1	471.083	51.812	5653.000	388.000	572.000	12	
ROI 1	482.333	62.020	5788.000	404.000	599.000	12	
ROI 1	486.667	67.177	5840.000	400.000	634.000	12	
ROI 1	499.750	62.581	5997.000	403.000	627.000	12	
ROI 1	476.583	70.430	5719.000	379.000	655.000	12	
ROI 1	488.833	90.232	5866.000	375.000	699.000	12	
ROI 1	480.917	59.381	5771.000	382.000	599.000	12	
ROI 1	501.000	77.321	6012.000	388.000	663.000	12	
ROI 1	507.000	46.889	6084.000	454.000	612.000	12	
ROI 1	500.500	64.192	6006.000	387.000	606.000	12	
ROI 1	511.500	72.813	6138.000	405.000	666.000	12	
ROI 1	501.000	76.241	6012.000	426.000	643.000	12	
ROI 1	486.417	66.052	5837.000	404.000	616.000	12	
ROI 1	501.250	67.712	6015.000	424.000	665.000	12	
ROI 1	483.917	80.935	5807.000	387.000	688.000	12	
ROI 1	498.083	77.472	5977.000	392.000	655.000	12	
ROI 1	508.750	76.419	6105.000	434.000	696.000	12	
ROI 1	500.917	88.351	6011.000	389.000	674.000	12	
ROI 1	520.167	85.429	6242.000	426.000	739.000	12	
ROI 1	505.500	75.215	6066.000	417.000	680.000	12	
ROI 1	501.500	64.420	6018.000	414.000	659.000	12	
ROI 1	522.917	78.925	6275.000	437.000	712.000	12	
ROI 1	509.333	72.579	6112.000	448.000	703.000	12	
ROI 1	509.083	89.288	6109.000	360.000	728.000	12	
ROI 1	513.833	69.712	6166.000	425.000	635.000	12	
ROI 1	501.250	85.162	6015.000	334.000	614.000	12	
ROI 1	497.833	72.547	5974.000	412.000	653.000	12	
ROI 1	507.500	47.027	6090.000	439.000	604.000	12	
ROI 1	514.417	67.407	6173.000	439.000	653.000	12	
ROI 1	514.750	78.625	6177.000	430.000	699.000	12	
ROI 1	515.583	80.913	6187.000	434.000	696.000	12	
ROI 1	489.417	78.616	5873.000	393.000	668.000	12	
ROI 1	503.667	75.770	6044.000	399.000	645.000	12	
ROI 1	519.333	85.224	6232.000	383.000	707.000	12	
ROI 1	522.667	65.537	6272.000	448.000	666.000	12	
ROI 1	524.750	87.419	6297.000	402.000	739.000	12	
ROI 1	509.917	83.198	6119.000	397.000	680.000	12	
ROI 1	517.250	94.971	6207.000	339.000	714.000	12	
ROI 1	516.083	69.676	6193.000	423.000	689.000	12	
ROI 1	521.000	75.349	6252.000	433.000	664.000	12	
ROI 1	525.750	67.870	6309.000	444.000	654.000	12	
ROI 1	519.917	82.877	6239.000	426.000	712.000	12	
ROI 1	528.250	62.152	6339.000	445.000	644.000	12	
ROI 1	515.917	78.963	6191.000	412.000	730.000	12	
ROI 1	524.917	85.719	6299.000	408.000	657.000	12	
ROI 1	528.250	69.714	6339.000	413.000	639.000	12	
ROI 1	514.250	69.891	6171.000	436.000	695.000	12	
ROI 1	530.917	85.950	6371.000	412.000	700.000	12	
ROI 1	520.417	62.401	6245.000	419.000	646.000	12	
ROI 1	527.583	84.564	6331.000	431.000	702.000	12	
ROI 1	525.667	61.537	6308.000	458.000	643.000	12	
ROI 1	525.917	71.936	6311.000	409.000	653.000	12	
ROI 1	529.667	69.205	6356.000	438.000	714.000	12	
ROI 1	530.417	84.884	6365.000	401.000	691.000	12	
ROI 1	508.583	90.029	6103.000	376.000	730.000	12	
ROI 1	523.083	84.677	6277.000	409.000	738.000	12	
ROI 1	544.000	70.534	6528.000	481.000	726.000	12	
ROI 1	515.833	66.962	6190.000	436.000	625.000	12	
ROI 1	541.000	74.037	6492.000	468.000	701.000	12	
ROI 1	531.667	77.005	6380.000	422.000	665.000	12	
ROI 1	525.417	87.641	6305.000	430.000	723.000	12	
ROI 1	537.917	59.680	6455.000	458.000	675.000	12	
ROI 1	535.167	77.681	6422.000	444.000	706.000	12	
ROI 1	528.583	82.131	6343.000	438.000	705.000	12	
ROI 1	530.500	98.774	6366.000	393.000	746.000	12	
ROI 1	533.833	83.144	6406.000	400.000	686.000	12	
ROI 2	2333.462	295.188	30335.000	2007.000	3089.000	13	
ROI 2	2222.462	284.611	28892.000	1916.000	2979.000	13	
ROI 2	2104.154	286.065	27354.000	1765.000	2824.000	13	
ROI 2	1956.154	267.346	25430.000	1583.000	2639.000	13	
ROI 2	1864.154	279.016	24234.000	1571.000	2587.000	13	
ROI 2	1768.923	236.915	22996.000	1509.000	2382.000	13	
ROI 2	1644.462	236.793	21378.000	1362.000	2268.000	13	
ROI 2	1094.077	144.271	14223.000	954.000	1466.000	13	
ROI 2	1146.231	130.852	14901.000	986.000	1482.000	13	
ROI 2	1165.692	128.481	15154.000	1024.000	1528.000	13	
ROI 2	1180.538	142.503	15347.000	1015.000	1520.000	13	
ROI 2	1227.077	144.611	15952.000	1095.000	1618.000	13	
ROI 2	1259.462	150.477	16373.000	1119.000	1663.000	13	
ROI 2	1273.846	161.422	16560.000	1113.000	1720.000	13	
ROI 2	1283.231	158.729	16682.000	1104.000	1699.000	13	
ROI 2	1324.000	165.949	17212.000	1103.000	1760.000	13	
ROI 2	1347.385	165.737	17516.000	1160.000	1732.000	13	
ROI 2	1351.615	161.624	17571.000	1188.000	1765.000	13	
ROI 2	1364.077	164.023	17733.000	1200.000	1763.000	13	
ROI 2	1353.231	162.741	17592.000	1134.000	1713.000	13	
ROI 2	1387.923	165.398	18043.000	1177.000	1824.000	13	
ROI 2	1401.308	176.758	18217.000	1215.000	1840.000	13	
ROI 2	1414.385	181.894	18387.000	1181.000	1862.000	13	
ROI 2	1414.846	155.188	18393.000	1237.000	1788.000	13	
ROI 2	1432.692	167.753	18625.000	1227.000	1834.000	13	
ROI 2	1436.077	169.761	18669.000	1258.000	1867.000	13	
ROI 2	1455.462	163.547	18921.000	1274.000	1899.000	13	
ROI 2	1452.923	180.578	18888.000	1238.000	1877.000	13	
ROI 2	1470.538	186.969	19117.000	1272.000	1967.000	13	
ROI 2	1499.615	168.430	19495.000	1294.000	1919.000	13	
ROI 2	1492.308	170.093	19400.000	1252.000	1914.000	13	
ROI 2	1496.615	161.898	19456.000	1293.000	1925.000	13	
ROI 2	1507.923	185.752	19603.000	1303.000	2020.000	13	
ROI 2	1508.385	182.834	19609.000	1279.000	1963.000	13	
ROI 2	1543.385	176.508	20064.000	1332.000	2002.000	13	
ROI 2	1547.538	195.074	20118.000	1284.000	2030.000	13	
ROI 2	1555.538	189.249	20222.000	1299.000	2046.000	13	
ROI 2	1553.923	187.303	20201.000	1329.000	2019.000	13	
ROI 2	1568.615	186.648	20392.000	1324.000	2022.000	13	
ROI 2	1589.000	187.643	20657.000	1378.000	2058.000	13	
ROI 2	1574.615	204.842	20470.000	1386.000	2069.000	13	
ROI 2	1608.308	193.363	20908.000	1377.000	2102.000	13	
ROI 2	1630.385	195.617	21195.000	1384.000	2139.000	13	
ROI 2	1618.923	180.351	21046.000	1415.000	2044.000	13	
ROI 2	1636.385	182.052	21273.000	1419.000	2098.000	13	
ROI 2	1615.692	201.771	21004.000	1356.000	2167.000	13	
ROI 2	1647.154	176.318	21413.000	1444.000	2121.000	13	
ROI 2	1666.000	207.685	21658.000	1409.000	2148.000	13	
ROI 2	1642.077	207.651	21347.000	1432.000	2174.000	13	
ROI 2	1664.000	202.158	21632.000	1375.000	2184.000	13	
ROI 2	1663.538	211.861	21626.000	1400.000	2191.000	13	
ROI 2	1703.692	208.205	22148.000	1452.000	2254.000	13	
ROI 2	1702.615	212.453	22134.000	1435.000	2257.000	13	
ROI 2	1712.538	199.497	22263.000	1496.000	2208.000	13	
ROI 2	1706.154	202.340	22180.000	1437.000	2245.000	13	
ROI 2	1713.077	204.654	22270.000	1484.000	2208.000	13	
ROI 2	1730.923	204.603	22502.000	1444.000	2261.000	13	
ROI 2	1730.231	210.261	22493.000	1434.000	2266.000	13	
ROI 2	1747.000	206.349	22711.000	1427.000	2248.000	13	
ROI 2	1749.231	210.589	22740.000	1479.000	2284.000	13	
ROI 2	1745.538	202.186	22692.000	1453.000	2277.000	13	
ROI 2	1769.615	223.603	23005.000	1525.000	2315.000	13	
ROI 2	1785.462	220.268	23211.000	1520.000	2327.000	13	
ROI 2	1779.923	213.025	23139.000	1517.000	2288.000	13	
ROI 2	1783.538	221.923	23186.000	1523.000	2327.000	13	
ROI 2	1789.846	197.537	23268.000	1474.000	2255.000	13	
ROI 2	1792.615	218.399	23304.000	1525.000	2321.000	13	
ROI 2	1816.769	230.233	23618.000	1479.000	2425.000	13	
ROI 2	1797.538	204.786	23368.000	1489.000	2333.000	13	
ROI 2	1824.308	199.353	23716.000	1597.000	2353.000	13	
ROI 2	1810.538	244.423	23537.000	1496.000	2403.000	13	
ROI 2	1841.000	215.062	23933.000	1532.000	2371.000	13	
ROI 2	1860.154	221.219	24182.000	1603.000	2425.000	13	
ROI 2	1855.385	222.309	24120.000	1579.000	2407.000	13	
ROI 2	1888.077	234.436	24545.000	1555.000	2411.000	13	
ROI 2	1894.385	210.597	24627.000	1612.000	2427.000	13	
ROI 2	1894.000	231.460	24622.000	1645.000	2513.000	13	
ROI 2	1904.154	227.838	24754.000	1691.000	2484.000	13	
ROI 2	1915.462	222.525	24901.000	1670.000	2489.000	13	
ROI 2	1935.538	241.852	25162.000	1613.000	2569.000	13	
ROI 2	1970.000	229.324	25610.000	1704.000	2560.000	13	
ROI 2	1985.538	247.758	25812.000	1702.000	2636.000	13	
ROI 2	1973.231	232.079	25652.000	1670.000	2536.000	13	
ROI 2	2011.538	250.124	26150.000	1689.000	2642.000	13	
ROI 2	2000.000	254.584	26000.000	1682.000	2672.000	13	
ROI 2	2023.923	239.667	26311.000	1693.000	2651.000	13	
ROI 2	2016.462	232.810	26214.000	1742.000	2624.000	13	
ROI 2	2054.923	262.094	26714.000	1694.000	2745.000	13	
ROI 2	2063.923	247.088	26831.000	1763.000	2690.000	13	
ROI 2	2065.692	259.665	26854.000	1755.000	2731.000	13	
ROI 2	2088.231	243.986	27147.000	1799.000	2742.000	13	
ROI 2	2124.000	251.988	27612.000	1805.000	2794.000	13	
ROI 2	2118.308	273.626	27538.000	1784.000	2813.000	13	
ROI 2	2159.000	263.708	28067.000	1860.000	2841.000	13	
ROI 2	2175.385	286.150	28280.000	1835.000	2923.000	13	
ROI 2	2204.308	263.832	28656.000	1844.000	2828.000	13	
ROI 2	2217.538	283.730	28828.000	1868.000	2927.000	13	
ROI 2	2269.308	268.661	29501.000	1954.000	2908.000	13	
ROI 2	2277.231	289.857	29604.000	1917.000	2987.000	13	
ROI 2	2317.077	267.868	30122.000	2045.000	3012.000	13	
ROI 2	2335.692	273.112	30364.000	2020.000	3049.000	13	
ROI 2	2373.923	271.011	30861.000	1955.000	3051.000	13	
ROI 2	2354.615	292.844	30610.000	1969.000	3083.000	13	
ROI 2	2433.923	301.354	31641.000	1998.000	3159.000	13	
ROI 2	2485.231	307.661	32308.000	2174.000	3305.000	13	
ROI 3	2676.833	303.676	32122.000	2468.000	3576.000	12	
ROI 3	2578.917	288.428	30947.000	2371.000	3431.000	12	
ROI 3	2524.917	285.386	30299.000	2281.000	3337.000	12	
ROI 3	2434.583	286.589	29215.000	2192.000	3276.000	12	
ROI 3	2383.167	265.246	28598.000	2161.000	3152.000	12	
ROI 3	2317.583	268.372	27811.000	2060.000	3094.000	12	
ROI 3	2239.167	250.296	26870.000	2048.000	2974.000	12	
ROI 3	1279.667	140.941	15356.000	1134.000	1671.000	12	
ROI 3	1285.917	144.763	15431.000	1155.000	1697.000	12	
ROI 3	1295.583	155.985	15547.000	1139.000	1746.000	12	
ROI 3	1336.667	144.365	16040.000	1234.000	1752.000	12	
ROI 3	1334.333	139.731	16012.000	1194.000	1739.000	12	
ROI 3	1354.500	145.143	16254.000	1254.000	1786.000	12	
ROI 3	1363.667	150.539	16364.000	1219.000	1801.000	12	
ROI 3	1403.833	135.064	16846.000	1301.000	1792.000	12	
ROI 3	1402.000	135.967	16824.000	1301.000	1802.000	12	
ROI 3	1421.667	156.327	17060.000	1295.000	1870.000	12	
ROI 3	1437.250	139.510	17247.000	1290.000	1802.000	12	
ROI 3	1421.083	152.796	17053.000	1279.000	1844.000	12	
ROI 3	1420.917	148.150	17051.000	1277.000	1844.000	12	
ROI 3	1432.667	139.906	17192.000	1298.000	1832.000	12	
ROI 3	1455.250	157.840	17463.000	1332.000	1913.000	12	
ROI 3	1465.583	137.903	17587.000	1330.000	1857.000	12	
ROI 3	1456.083	162.642	17473.000	1252.000	1908.000	12	
ROI 3	1462.083	163.760	17545.000	1315.000	1931.000	12	
ROI 3	1475.833	158.259	17710.000	1344.000	1921.000	12	
ROI 3	1464.667	157.032	17576.000	1337.000	1905.000	12	
ROI 3	1466.167	161.976	17594.000	1312.000	1921.000	12	
ROI 3	1494.500	156.736	17934.000	1365.000	1957.000	12	
ROI 3	1487.417	158.569	17849.000	1350.000	1958.000	12	
ROI 3	1514.917	160.227	18179.000	1370.000	1969.000	12	
ROI 3	1497.417	144.369	17969.000	1321.000	1888.000	12	
ROI 3	1520.250	169.717	18243.000	1335.000	2003.000	12	
ROI 3	1509.917	157.795	18119.000	1393.000	1977.000	12	
ROI 3	1526.250	170.001	18315.000	1386.000	2019.000	12	
ROI 3	1522.833	160.098	18274.000	1353.000	1956.000	12	
ROI 3	1525.750	163.880	18309.000	1386.000	2004.000	12	
ROI 3	1541.000	162.326	18492.000	1399.000	2004.000	12	
ROI 3	1555.583	177.904	18667.000	1395.000	2066.000	12	
ROI 3	1546.917	158.271	18563.000	1393.000	1996.000	12	
ROI 3	1538.333	157.518	18460.000	1423.000	2008.000	12	
ROI 3	1559.333	159.002	18712.000	1428.000	2015.000	12	
ROI 3	1568.500	186.838	18822.000	1389.000	2109.000	12	
ROI 3	1573.917	166.135	18887.000	1432.000	2052.000	12	
ROI 3	1575.500	180.604	18906.000	1403.000	2078.000	12	
ROI 3	1582.250	179.241	18987.000	1432.000	2107.000	12	
ROI 3	1579.833	174.521	18958.000	1381.000	2068.000	12	
ROI 3	1593.583	183.657	19123.000	1426.000	2119.000	12	
ROI 3	1606.083	165.213	19273.000	1461.000	2085.000	12	
ROI 3	1604.417	182.878	19253.000	1430.000	2129.000	12	
ROI 3	1611.583	174.379	19339.000	1422.000	2087.000	12	
ROI 3	1635.250	180.593	19623.000	1483.000	2144.000	12	
ROI 3	1628.000	181.500	19536.000	1484.000	2161.000	12	
ROI 3	1633.000	164.587	19596.000	1489.000	2106.000	12	
ROI 3	1654.667	180.727	19856.000	1499.000	2188.000	12	
ROI 3	1636.250	177.120	19635.000	1485.000	2149.000	12	
ROI 3	1644.917	176.122	19739.000	1510.000	2162.000	12	
ROI 3	1646.583	188.419	19759.000	1519.000	2208.000	12	
ROI 3	1657.750	183.716	19893.000	1521.000	2200.000	12	
ROI 3	1657.917	178.309	19895.000	1534.000	2190.000	12	
ROI 3	1674.167	183.580	20090.000	1507.000	2215.000	12	
ROI 3	1675.917	190.090	20111.000	1541.000	2230.000	12	
ROI 3	1681.750	211.610	20181.000	1473.000	2270.000	12	
ROI 3	1683.500	183.873	20202.000	1522.000	2216.000	12	
ROI 3	1679.500	189.000	20154.000	1542.000	2221.000	12	
ROI 3	1699.333	189.106	20392.000	1540.000	2240.000	12	
ROI 3	1695.833	183.118	20350.000	1529.000	2235.000	12	
ROI 3	1711.000	189.073	20532.000	1548.000	2245.000	12	
ROI 3	1713.917	179.490	20567.000	1591.000	2241.000	12	
ROI 3	1722.417	184.873	20669.000	1572.000	2267.000	12	
ROI 3	1737.750	183.586	20853.000	1580.000	2276.000	12	
ROI 3	1739.583	184.361	20875.000	1597.000	2273.000	12	
ROI 3	1733.083	192.596	20797.000	1557.000	2272.000	12	
ROI 3	1746.417	196.149	20957.000	1604.000	2327.000	12	
ROI 3	1743.167	181.210	20918.000	1580.000	2274.000	12	
ROI 3	1747.417	183.548	20969.000	1608.000	2274.000	12	
ROI 3	1772.250	200.513	21267.000	1600.000	2363.000	12	
ROI 3	1790.333	182.581	21484.000	1631.000	2319.000	12	
ROI 3	1784.583	193.462	21415.000	1606.000	2327.000	12	
ROI 3	1818.250	195.042	21819.000	1629.000	2388.000	12	
ROI 3	1809.917	193.177	21719.000	1686.000	2378.000	12	
ROI 3	1831.333	216.290	21976.000	1649.000	2434.000	12	
ROI 3	1840.333	205.211	22084.000	1615.000	2442.000	12	
ROI 3	1859.167	205.681	22310.000	1676.000	2455.000	12	
ROI 3	1864.750	220.634	22377.000	1666.000	2487.000	12	
ROI 3	1865.583	196.164	22387.000	1692.000	2435.000	12	
ROI 3	1881.583	217.998	22579.000	1723.000	2532.000	12	
ROI 3	1895.083	203.412	22741.000	1714.000	2474.000	12	
ROI 3	1906.333	214.277	22876.000	1700.000	2530.000	12	
ROI 3	1912.083	208.862	22945.000	1768.000	2519.000	12	
ROI 3	1932.583	213.463	23191.000	1735.000	2554.000	12	
ROI 3	1941.083	221.679	23293.000	1741.000	2580.000	12	
ROI 3	1971.750	214.087	23661.000	1781.000	2586.000	12	
ROI 3	1981.000	223.404	23772.000	1807.000	2643.000	12	
ROI 3	2015.500	222.640	24186.000	1811.000	2656.000	12	
ROI 3	2034.167	214.582	24410.000	1855.000	2663.000	12	
ROI 3	2049.333	209.295	24592.000	1872.000	2651.000	12	
ROI 3	2079.083	231.599	24949.000	1901.000	2750.000	12	
ROI 3	2119.917	227.451	25439.000	1946.000	2781.000	12	
ROI 3	2150.417	254.010	25805.000	1938.000	2886.000	12	
ROI 3	2182.500	246.866	26190.000	1997.000	2905.000	12	
ROI 3	2205.167	250.764	26462.000	2007.000	2936.000	12	
ROI 3	2242.500	254.532	26910.000	2032.000	2980.000	12	
ROI 3	2307.167	250.695	27686.000	2106.000	3047.000	12	
ROI 3	2410.500	267.172	28926.000	2182.000	3172.000	12	
ROI 4	1747.000	317.331	24458.000	1285.000	2618.000	14	
ROI 4	1613.643	274.673	22591.000	1197.000	2345.000	14	
ROI 4	1498.286	296.868	20976.000	1088.000	2237.000	14	
ROI 4	1296.143	259.621	18146.000	940.000	1933.000	14	
ROI 4	1178.929	263.871	16505.000	759.000	1862.000	14	
ROI 4	1052.571	238.800	14736.000	707.000	1660.000	14	
ROI 4	951.214	221.874	13317.000	588.000	1442.000	14	
ROI 4	820.214	144.738	11483.000	633.000	1183.000	14	
ROI 4	864.214	157.910	12099.000	691.000	1300.000	14	
ROI 4	899.643	149.036	12595.000	679.000	1268.000	14	
ROI 4	939.286	159.168	13150.000	677.000	1360.000	14	
ROI 4	993.500	159.137	13909.000	735.000	1349.000	14	
ROI 4	1043.571	167.928	14610.000	771.000	1450.000	14	
ROI 4	1082.286	175.991	15152.000	797.000	1561.000	14	
ROI 4	1106.786	174.710	15495.000	877.000	1595.000	14	
ROI 4	1123.857	175.539	15734.000	851.000	1553.000	14	
ROI 4	1140.000	182.388	15960.000	888.000	1626.000	14	
ROI 4	1158.571	176.615	16220.000	904.000	1631.000	14	
ROI 4	1195.500	188.930	16737.000	920.000	1685.000	14	
ROI 4	1183.071	191.773	16563.000	952.000	1696.000	14	
ROI 4	1196.929	187.040	16757.000	955.000	1702.000	14	
ROI 4	1202.214	194.882	16831.000	874.000	1692.000	14	
ROI 4	1215.714	192.296	17020.000	907.000	1686.000	14	
ROI 4	1250.214	183.685	17503.000	975.000	1712.000	14	
ROI 4	1256.786	206.216	17595.000	965.000	1787.000	14	
ROI 4	1247.071	208.286	17459.000	986.000	1837.000	14	
ROI 4	1274.071	199.427	17837.000	1015.000	1817.000	14	
ROI 4	1285.500	198.496	17997.000	1010.000	1828.000	14	
ROI 4	1322.286	216.837	18512.000	1014.000	1952.000	14	
ROI 4	1334.857	210.202	18688.000	1071.000	1925.000	14	
ROI 4	1324.643	218.643	18545.000	1036.000	1941.000	14	
ROI 4	1338.071	217.224	18733.000	1049.000	1928.000	14	
ROI 4	1341.143	204.753	18776.000	1046.000	1893.000	14	
ROI 4	1353.429	217.449	18948.000	1018.000	1910.000	14	
ROI 4	1366.071	226.764	19125.000	996.000	1945.000	14	
ROI 4	1391.286	241.793	19478.000	1084.000	2076.000	14	
ROI 4	1403.714	216.167	19652.000	1112.000	1943.000	14	
ROI 4	1408.500	218.731	19719.000	1125.000	2029.000	14	
ROI 4	1428.786	221.126	20003.000	1144.000	2054.000	14	
ROI 4	1422.786	225.294	19919.000	1129.000	2050.000	14	
ROI 4	1447.857	200.350	20270.000	1154.000	1987.000	14	
ROI 4	1451.000	230.597	20314.000	1175.000	2114.000	14	
ROI 4	1471.286	243.271	20598.000	1144.000	2109.000	14	
ROI 4	1463.786	234.369	20493.000	1141.000	2089.000	14	
ROI 4	1509.786	217.804	21137.000	1193.000	2069.000	14	
ROI 4	1480.071	238.091	20721.000	1186.000	2158.000	14	
ROI 4	1500.929	235.842	21013.000	1153.000	2159.000	14	
ROI 4	1504.643	243.485	21065.000	1182.000	2160.000	14	
ROI 4	1521.214	237.098	21297.000	1224.000	2207.000	14	
ROI 4	1531.500	232.836	21441.000	1242.000	2183.000	14	
ROI 4	1546.571	252.607	21652.000	1182.000	2205.000	14	
ROI 4	1528.714	253.492	21402.000	1165.000	2245.000	14	
ROI 4	1557.929	232.289	21811.000	1232.000	2182.000	14	
ROI 4	1560.500	231.984	21847.000	1229.000	2196.000	14	
ROI 4	1562.786	247.118	21879.000	1211.000	2296.000	14	
ROI 4	1574.429	245.519	22042.000	1218.000	2229.000	14	
ROI 4	1593.071	259.634	22303.000	1207.000	2313.000	14	
ROI 4	1593.143	251.954	22304.000	1270.000	2294.000	14	
ROI 4	1596.786	244.279	22355.000	1233.000	2266.000	14	
ROI 4	1596.857	230.094	22356.000	1283.000	2235.000	14	
ROI 4	1602.857	269.740	22440.000	1194.000	2330.000	14	
ROI 4	1627.071	253.505	22779.000	1267.000	2315.000	14	
ROI 4	1624.643	243.566	22745.000	1285.000	2291.000	14	
ROI 4	1647.500	267.591	23065.000	1308.000	2417.000	14	
ROI 4	1647.286	258.152	23062.000	1283.000	2352.000	14	
ROI 4	1651.143	238.653	23116.000	1338.000	2288.000	14	
ROI 4	1645.000	266.925	23030.000	1293.000	2424.000	14	
ROI 4	1670.714	248.304	23390.000	1368.000	2371.000	14	
ROI 4	1669.429	252.653	23372.000	1335.000	2384.000	14	
ROI 4	1675.643	256.258	23459.000	1367.000	2395.000	14	
ROI 4	1687.500	252.811	23625.000	1341.000	2404.000	14	
ROI 4	1701.071	264.855	23815.000	1328.000	2426.000	14	
ROI 4	1713.143	254.296	23984.000	1311.000	2379.000	14	
ROI 4	1705.429	243.392	23876.000	1398.000	2373.000	14	
ROI 4	1695.214	252.972	23733.000	1324.000	2373.000	14	
ROI 4	1733.857	266.579	24274.000	1337.000	2461.000	14	
ROI 4	1763.571	273.604	24690.000	1373.000	2538.000	14	
ROI 4	1755.929	264.845	24583.000	1383.000	2515.000	14	
ROI 4	1773.857	270.998	24834.000	1389.000	2524.000	14	
ROI 4	1774.500	255.532	24843.000	1422.000	2480.000	14	
ROI 4	1782.714	272.353	24958.000	1424.000	2577.000	14	
ROI 4	1820.857	269.795	25492.000	1485.000	2578.000	14	
ROI 4	1848.786	291.211	25883.000	1483.000	2676.000	14	
ROI 4	1815.357	295.997	25415.000	1413.000	2612.000	14	
ROI 4	1853.000	281.951	25942.000	1435.000	2659.000	14	
ROI 4	1849.143	287.622	25888.000	1459.000	2673.000	14	
ROI 4	1851.071	276.601	25915.000	1518.000	2628.000	14	
ROI 4	1858.429	297.942	26018.000	1431.000	2706.000	14	
ROI 4	1886.286	278.190	26408.000	1491.000	2682.000	14	
ROI 4	1883.714	288.017	26372.000	1465.000	2684.000	14	
ROI 4	1886.000	283.827	26404.000	1531.000	2695.000	14	
ROI 4	1933.714	313.916	27072.000	1465.000	2808.000	14	
ROI 4	1952.429	274.356	27334.000	1599.000	2707.000	14	
ROI 4	1940.071	302.263	27161.000	1544.000	2789.000	14	
ROI 4	1961.000	303.902	27454.000	1556.000	2808.000	14	
ROI 4	1973.571	297.060	27630.000	1583.000	2796.000	14	
ROI 4	1991.357	295.509	27879.000	1593.000	2833.000	14	
ROI 4	2004.071	311.485	28057.000	1562.000	2859.000	14	
ROI 4	2009.786	297.644	28137.000	1588.000	2797.000	14	
ROI 4	2029.500	297.415	28413.000	1617.000	2879.000	14	
ROI 4	2074.929	328.665	29049.000	1616.000	2981.000	14	
ROI 4	2056.643	304.442	28793.000	1621.000	2907.000	14	
ROI 4	2072.714	320.561	29018.000	1627.000	2972.000	14	
ROI 4	2093.929	322.666	29315.000	1621.000	2962.000	14	
ROI 4	2132.571	340.059	29856.000	1653.000	3087.000	14	
ROI 5	1965.688	261.680	31451.000	1577.000	2641.000	16	
ROI 5	1816.875	255.194	29070.000	1454.000	2493.000	16	
ROI 5	1715.188	254.848	27443.000	1321.000	2382.000	16	
ROI 5	1570.375	235.195	25126.000	1266.000	2202.000	16	
ROI 5	1441.812	230.828	23069.000	1113.000	2075.000	16	
ROI 5	1344.812	216.616	21517.000	1027.000	1900.000	16	
ROI 5	1223.250	190.946	19572.000	946.000	1697.000	16	
ROI 5	931.750	129.328	14908.000	756.000	1282.000	16	
ROI 5	949.625	135.107	15194.000	740.000	1240.000	16	
ROI 5	1015.375	153.193	16246.000	776.000	1403.000	16	
ROI 5	1026.750	130.429	16428.000	792.000	1336.000	16	
ROI 5	1073.188	135.164	17171.000	850.000	1390.000	16	
ROI 5	1117.250	151.883	17876.000	843.000	1462.000	16	
ROI 5	1142.938	156.826	18287.000	925.000	1489.000	16	
ROI 5	1180.250	151.693	18884.000	956.000	1595.000	16	
ROI 5	1177.312	145.009	18837.000	962.000	1529.000	16	
ROI 5	1223.938	154.494	19583.000	947.000	1531.000	16	
ROI 5	1212.938	133.010	19407.000	985.000	1540.000	16	
ROI 5	1236.688	147.331	19787.000	1030.000	1538.000	16	
ROI 5	1242.688	160.810	19883.000	1014.000	1657.000	16	
ROI 5	1246.438	145.338	19943.000	1013.000	1564.000	16	
ROI 5	1274.750	150.847	20396.000	1021.000	1594.000	16	
ROI 5	1293.375	167.962	20694.000	953.000	1645.000	16	
ROI 5	1309.438	168.661	20951.000	1001.000	1726.000	16	
ROI 5	1295.875	181.940	20734.000	1057.000	1790.000	16	
ROI 5	1334.250	173.213	21348.000	1104.000	1785.000	16	
ROI 5	1316.688	168.701	21067.000	1045.000	1719.000	16	
ROI 5	1338.312	175.829	21413.000	1049.000	1783.000	16	
ROI 5	1368.875	157.997	21902.000	1155.000	1804.000	16	
ROI 5	1343.875	167.578	21502.000	1078.000	1718.000	16	
ROI 5	1371.062	188.310	21937.000	1099.000	1863.000	16	
ROI 5	1398.812	174.741	22381.000	1135.000	1821.000	16	
ROI 5	1403.438	186.610	22455.000	1123.000	1852.000	16	
ROI 5	1400.312	173.692	22405.000	1181.000	1809.000	16	
ROI 5	1440.750	165.804	23052.000	1152.000	1796.000	16	
ROI 5	1422.875	164.097	22766.000	1168.000	1835.000	16	
ROI 5	1446.938	164.151	23151.000	1185.000	1871.000	16	
ROI 5	1464.625	173.990	23434.000	1165.000	1815.000	16	
ROI 5	1474.875	193.375	23598.000	1223.000	1900.000	16	
ROI 5	1476.625	195.510	23626.000	1164.000	1922.000	16	
ROI 5	1486.562	177.917	23785.000	1232.000	1938.000	16	
ROI 5	1474.125	166.853	23586.000	1249.000	1890.000	16	
ROI 5	1501.312	183.393	24021.000	1253.000	1935.000	16	
ROI 5	1501.938	186.441	24031.000	1241.000	1908.000	16	
ROI 5	1521.938	199.645	24351.000	1209.000	1991.000	16	
ROI 5	1552.875	183.691	24846.000	1321.000	2026.000	16	
ROI 5	1520.562	171.706	24329.000	1245.000	1929.000	16	
ROI 5	1552.125	207.577	24834.000	1264.000	2009.000	16	
ROI 5	1553.062	188.533	24849.000	1255.000	1951.000	16	
ROI 5	1564.125	207.406	25026.000	1300.000	2115.000	16	
ROI 5	1554.250	192.786	24868.000	1242.000	2014.000	16	
ROI 5	1585.688	165.037	25371.000	1287.000	1927.000	16	
ROI 5	1596.625	179.261	25546.000	1332.000	2002.000	16	
ROI 5	1593.000	170.134	25488.000	1369.000	2050.000	16	
ROI 5	1605.125	179.574	25682.000	1317.000	1979.000	16	
ROI 5	1629.938	205.953	26079.000	1331.000	2143.000	16	
ROI 5	1642.688	195.566	26283.000	1408.000	2093.000	16	
ROI 5	1616.375	214.797	25862.000	1324.000	2123.000	16	
ROI 5	1644.188	184.371	26307.000	1385.000	2130.000	16	
ROI 5	1653.562	194.497	26457.000	1371.000	2123.000	16	
ROI 5	1668.188	168.592	26691.000	1371.000	2099.000	16	
ROI 5	1666.500	184.971	26664.000	1393.000	2098.000	16	
ROI 5	1667.938	189.372	26687.000	1416.000	2137.000	16	
ROI 5	1691.938	206.427	27071.000	1381.000	2175.000	16	
ROI 5	1682.938	178.297	26927.000	1411.000	2097.000	16	
ROI 5	1679.438	180.621	26871.000	1369.000	2103.000	16	
ROI 5	1684.500	199.430	26952.000	1353.000	2176.000	16	
ROI 5	1697.188	209.934	27155.000	1363.000	2174.000	16	
ROI 5	1718.938	187.463	27503.000	1430.000	2180.000	16	
ROI 5	1727.812	205.763	27645.000	1454.000	2141.000	16	
ROI 5	1734.500	210.513	27752.000	1441.000	2248.000	16	
ROI 5	1739.750	200.175	27836.000	1365.000	2182.000	16	
ROI 5	1743.688	196.535	27899.000	1449.000	2197.000	16	
ROI 5	1744.188	200.633	27907.000	1443.000	2243.000	16	
ROI 5	1757.750	215.138	28124.000	1437.000	2266.000	16	
ROI 5	1781.000	220.132	28496.000	1421.000	2301.000	16	
ROI 5	1796.062	191.717	28737.000	1456.000	2193.000	16	
ROI 5	1803.125	194.829	28850.000	1483.000	2230.000	16	
ROI 5	1811.188	210.327	28979.000	1419.000	2306.000	16	
ROI 5	1838.812	203.634	29421.000	1532.000	2372.000	16	
ROI 5	1838.062	215.450	29409.000	1501.000	2371.000	16	
ROI 5	1858.062	211.523	29729.000	1574.000	2409.000	16	
ROI 5	1886.438	228.279	30183.000	1570.000	2447.000	16	
ROI 5	1890.812	233.892	30253.000	1550.000	2446.000	16	
ROI 5	1909.375	225.976	30550.000	1620.000	2390.000	16	
ROI 5	1901.625	240.865	30426.000	1560.000	2428.000	16	
ROI 5	1917.562	236.539	30681.000	1529.000	2466.000	16	
ROI 5	1945.688	205.875	31131.000	1639.000	2441.000	16	
ROI 5	1949.438	231.558	31191.000	1621.000	2481.000	16	
ROI 5	1976.500	224.103	31624.000	1612.000	2498.000	16	
ROI 5	1960.938	207.920	31375.000	1703.000	2480.000	16	
ROI 5	1989.188	237.800	31827.000	1629.000	2595.000	16	
ROI 5	1987.625	229.466	31802.000	1693.000	2537.000	16	
ROI 5	2024.125	250.132	32386.000	1705.000	2647.000	16	
ROI 5	2027.625	253.666	32442.000	1697.000	2607.000	16	
ROI 5	2034.562	221.104	32553.000	1730.000	2578.000	16	
ROI 5	2061.000	236.468	32976.000	1714.000	2586.000	16	
ROI 5	2110.000	231.391	33760.000	1812.000	2672.000	16	
ROI 5	2108.750	227.472	33740.000	1750.000	2659.000	16	
ROI 5	2141.688	247.835	34267.000	1828.000	2762.000	16	
ROI 5	2151.062	249.635	34417.000	1801.000	2669.000	16	
ROI 5	2184.375	259.838	34950.000	1869.000	2781.000	16	
ROI 5	2198.062	268.874	35169.000	1742.000	2840.000	16	
ROI 5	2220.000	257.900	35520.000	1861.000	2840.000	16	
ROI 5	2248.125	257.904	35970.000	1853.000	2859.000	16	
ROI 6	981.143	140.640	13736.000	734.000	1269.000	14	
ROI 6	803.929	138.359	11255.000	554.000	1091.000	14	
ROI 6	677.214	137.513	9481.000	438.000	952.000	14	
ROI 6	523.071	130.540	7323.000	279.000	797.000	14	
ROI 6	408.000	122.881	5712.000	187.000	655.000	14	
ROI 6	302.214	113.188	4231.000	142.000	534.000	14	
ROI 6	206.786	93.814	2895.000	88.000	386.000	14	
ROI 6	540.714	75.858	7570.000	375.000	680.000	14	
ROI 6	595.429	85.535	8336.000	449.000	758.000	14	
ROI 6	640.714	94.216	8970.000	444.000	815.000	14	
ROI 6	685.786	84.463	9601.000	526.000	810.000	14	
ROI 6	724.786	79.485	10147.000	549.000	846.000	14	
ROI 6	775.143	95.697	10852.000	598.000	952.000	14	
ROI 6	811.571	89.438	11362.000	632.000	994.000	14	
ROI 6	849.714	105.923	11896.000	648.000	1062.000	14	
ROI 6	873.714	86.203	12232.000	714.000	1031.000	14	
ROI 6	869.714	105.088	12176.000	674.000	1050.000	14	
ROI 6	904.000	107.670	12656.000	670.000	1060.000	14	
ROI 6	884.429	109.498	12382.000	740.000	1068.000	14	
ROI 6	916.429	92.094	12830.000	726.000	1095.000	14	
ROI 6	930.714	95.150	13030.000	749.000	1089.000	14	
ROI 6	934.571	109.506	13084.000	753.000	1132.000	14	
ROI 6	942.286	95.783	13192.000	716.000	1120.000	14	
ROI 6	968.643	104.179	13561.000	774.000	1172.000	14	
ROI 6	967.071	104.053	13539.000	796.000	1145.000	14	
ROI 6	982.857	105.572	13760.000	780.000	1183.000	14	
ROI 6	985.214	97.988	13793.000	838.000	1160.000	14	
ROI 6	1000.786	112.767	14011.000	782.000	1169.000	14	
ROI 6	1011.857	119.098	14166.000	799.000	1209.000	14	
ROI 6	1028.214	97.892	14395.000	876.000	1229.000	14	
ROI 6	1045.429	107.655	14636.000	809.000	1262.000	14	
ROI 6	1046.643	102.431	14653.000	845.000	1204.000	14	
ROI 6	1051.214	112.388	14717.000	805.000	1222.000	14	
ROI 6	1066.286	103.493	14928.000	865.000	1224.000	14	
ROI 6	1065.071	115.274	14911.000	866.000	1310.000	14	
ROI 6	1083.286	118.944	15166.000	861.000	1304.000	14	
ROI 6	1068.071	130.580	14953.000	842.000	1288.000	14	
ROI 6	1087.214	111.039	15221.000	874.000	1263.000	14	
ROI 6	1103.000	102.031	15442.000	891.000	1293.000	14	
ROI 6	1107.857	116.358	15510.000	869.000	1263.000	14	
ROI 6	1128.857	116.682	15804.000	898.000	1294.000	14	
ROI 6	1134.286	118.065	15880.000	878.000	1346.000	14	
ROI 6	1138.786	124.620	15943.000	897.000	1365.000	14	
ROI 6	1141.714	110.414	15984.000	926.000	1312.000	14	
ROI 6	1137.857	112.079	15930.000	934.000	1306.000	14	
ROI 6	1151.857	115.346	16126.000	973.000	1354.000	14	
ROI 6	1152.500	106.112	16135.000	938.000	1336.000	14	
ROI 6	1165.071	112.826	16311.000	945.000	1338.000	14	
ROI 6	1167.857	118.145	16350.000	905.000	1349.000	14	
ROI 6	1174.929	128.997	16449.000	927.000	1424.000	14	
ROI 6	1190.000	123.565	16660.000	971.000	1382.000	14	
ROI 6	1179.143	125.186	16508.000	906.000	1402.000	14	
ROI 6	1187.000	116.616	16618.000	980.000	1386.000	14	
ROI 6	1199.286	119.681	16790.000	978.000	1374.000	14	
ROI 6	1198.214	132.414	16775.000	955.000	1415.000	14	
ROI 6	1202.786	131.181	16839.000	947.000	1453.000	14	
ROI 6	1213.857	128.663	16994.000	987.000	1450.000	14	
ROI 6	1229.786	121.905	17217.000	1003.000	1449.000	14	
ROI 6	1232.714	110.779	17258.000	997.000	1439.000	14	
ROI 6	1222.214	132.463	17111.000	1015.000	1469.000	14	
ROI 6	1241.286	105.745	17378.000	1067.000	1428.000	14	
ROI 6	1250.214	120.542	17503.000	1029.000	1459.000	14	
ROI 6	1239.500	137.435	17353.000	949.000	1471.000	14	
ROI 6	1237.286	114.023	17322.000	1026.000	1428.000	14	
ROI 6	1238.429	113.199	17338.000	999.000	1401.000	14	
ROI 6	1249.071	120.616	17487.000	1014.000	1460.000	14	
ROI 6	1255.286	116.669	17574.000	1007.000	1428.000	14	
ROI 6	1259.929	122.871	17639.000	1023.000	1460.000	14	
ROI 6	1255.857	121.697	17582.000	1022.000	1428.000	14	
ROI 6	1259.571	136.839	17634.000	1006.000	1514.000	14	
ROI 6	1278.857	121.802	17904.000	1038.000	1450.000	14	
ROI 6	1258.071	120.562	17613.000	1070.000	1463.000	14	
ROI 6	1274.143	116.985	17838.000	1030.000	1470.000	14	
ROI 6	1274.571	131.799	17844.000	1033.000	1490.000	14	
ROI 6	1283.214	125.012	17965.000	1019.000	1464.000	14	
ROI 6	1279.143	128.080	17908.000	1041.000	1483.000	14	
ROI 6	1314.214	122.349	18399.000	1072.000	1491.000	14	
ROI 6	1314.714	115.403	18406.000	1080.000	1502.000	14	
ROI 6	1316.571	126.630	18432.000	1074.000	1514.000	14	
ROI 6	1308.643	121.580	18321.000	1082.000	1513.000	14	
ROI 6	1317.286	135.227	18442.000	1079.000	1588.000	14	
ROI 6	1330.143	122.121	18622.000	1087.000	1554.000	14	
ROI 6	1350.929	149.375	18913.000	1047.000	1606.000	14	
ROI 6	1334.857	137.778	18688.000	1077.000	1584.000	14	
ROI 6	1340.714	129.261	18770.000	1121.000	1551.000	14	
ROI 6	1341.714	134.644	18784.000	1087.000	1542.000	14	
ROI 6	1341.357	121.444	18779.000	1118.000	1517.000	14	
ROI 6	1347.857	137.934	18870.000	1105.000	1601.000	14	
ROI 6	1342.214	116.113	18791.000	1101.000	1527.000	14	
ROI 6	1349.929	145.381	18899.000	1057.000	1589.000	14	
ROI 6	1363.429	129.354	19088.000	1082.000	1581.000	14	
ROI 6	1358.571	135.234	19020.000	1083.000	1584.000	14	
ROI 6	1364.143	129.131	19098.000	1102.000	1597.000	14	
ROI 6	1382.714	135.510	19358.000	1109.000	1608.000	14	
ROI 6	1390.357	131.399	19465.000	1148.000	1634.000	14	
ROI 6	1375.143	153.484	19252.000	1085.000	1656.000	14	
ROI 6	1389.500	134.033	19453.000	1132.000	1592.000	14	
ROI 6	1378.429	130.152	19298.000	1106.000	1588.000	14	
ROI 6	1384.714	131.116	19386.000	1092.000	1573.000	14	
ROI 6	1386.786	153.039	19415.000	1134.000	1670.000	14	
ROI 6	1401.286	145.983	19618.000	1087.000	1614.000	14	
ROI 6	1388.214	143.427	19435.000	1139.000	1662.000	14	
ROI 6	1403.714	136.581	19652.000	1121.000	1681.000	14	
ROI 6	1394.857	151.659	19528.000	1119.000	1644.000	14	
ROI 6	1406.714	161.104	19694.000	1066.000	1667.000	14	
ROI 7	3073.455	582.413	33808.000	2295.000	4095.000	11	
ROI 7	3028.545	569.376	33314.000	2278.000	4027.000	11	
ROI 7	2999.091	548.928	32990.000	2255.000	3945.000	11	
ROI 7	2846.091	549.834	31307.000	2092.000	3815.000	11	
ROI 7	2848.182	547.544	31330.000	2111.000	3905.000	11	
ROI 7	2787.545	530.636	30663.000	2027.000	3774.000	11	
ROI 7	2761.182	506.445	30373.000	2086.000	3682.000	11	
ROI 7	1437.636	302.775	15814.000	1039.000	1946.000	11	
ROI 7	1474.727	289.017	16222.000	1050.000	1904.000	11	
ROI 7	1481.182	291.629	16293.000	1086.000	1976.000	11	
ROI 7	1508.727	293.797	16596.000	1128.000	2007.000	11	
ROI 7	1519.636	290.263	16716.000	1094.000	1945.000	11	
ROI 7	1540.000	327.141	16940.000	1048.000	2024.000	11	
ROI 7	1536.818	293.773	16905.000	1160.000	2050.000	11	
ROI 7	1580.545	296.918	17386.000	1144.000	2067.000	11	
ROI 7	1590.364	297.291	17494.000	1156.000	2082.000	11	
ROI 7	1582.818	296.393	17411.000	1152.000	2077.000	11	
ROI 7	1592.364	314.741	17516.000	1074.000	2065.000	11	
ROI 7	1592.636	322.565	17519.000	1139.000	2092.000	11	
ROI 7	1591.364	324.169	17505.000	1171.000	2138.000	11	
ROI 7	1609.818	338.937	17708.000	1135.000	2153.000	11	
ROI 7	1596.818	324.526	17565.000	1170.000	2091.000	11	
ROI 7	1634.909	324.289	17984.000	1162.000	2138.000	11	
ROI 7	1620.909	322.197	17830.000	1171.000	2182.000	11	
ROI 7	1641.909	338.969	18061.000	1183.000	2179.000	11	
ROI 7	1631.909	319.828	17951.000	1211.000	2176.000	11	
ROI 7	1652.091	324.912	18173.000	1242.000	2194.000	11	
ROI 7	1661.364	310.041	18275.000	1286.000	2185.000	11	
ROI 7	1679.182	331.633	18471.000	1196.000	2204.000	11	
ROI 7	1669.909	334.079	18369.000	1209.000	2232.000	11	
ROI 7	1657.273	339.061	18230.000	1215.000	2162.000	11	
ROI 7	1664.000	325.351	18304.000	1214.000	2238.000	11	
ROI 7	1650.818	330.747	18159.000	1187.000	2211.000	11	
ROI 7	1669.727	325.249	18367.000	1195.000	2148.000	11	
ROI 7	1697.909	332.704	18677.000	1245.000	2282.000	11	
ROI 7	1687.000	346.220	18557.000	1191.000	2244.000	11	
ROI 7	1684.000	328.378	18524.000	1259.000	2191.000	11	
ROI 7	1688.818	340.680	18577.000	1218.000	2256.000	11	
ROI 7	1699.182	353.211	18691.000	1207.000	2355.000	11	
ROI 7	1700.091	345.319	18701.000	1231.000	2230.000	11	
ROI 7	1721.727	363.441	18939.000	1161.000	2301.000	11	
ROI 7	1732.818	336.685	19061.000	1237.000	2298.000	11	
ROI 7	1728.727	371.868	19016.000	1140.000	2329.000	11	
ROI 7	1731.364	343.243	19045.000	1237.000	2297.000	11	
ROI 7	1755.909	363.524	19315.000	1246.000	2389.000	11	
ROI 7	1736.636	355.591	19103.000	1236.000	2305.000	11	
ROI 7	1753.091	344.957	19284.000	1259.000	2316.000	11	
ROI 7	1752.000	327.303	19272.000	1272.000	2255.000	11	
ROI 7	1757.818	351.279	19336.000	1286.000	2351.000	11	
ROI 7	1758.636	345.706	19345.000	1236.000	2324.000	11	
ROI 7	1774.273	334.565	19517.000	1306.000	2341.000	11	
ROI 7	1778.909	359.824	19568.000	1226.000	2361.000	11	
ROI 7	1777.909	348.378	19557.000	1312.000	2331.000	11	
ROI 7	1771.636	372.991	19488.000	1292.000	2398.000	11	
ROI 7	1783.727	354.847	19621.000	1264.000	2361.000	11	
ROI 7	1798.818	359.371	19787.000	1300.000	2364.000	11	
ROI 7	1793.909	362.712	19733.000	1343.000	2471.000	11	
ROI 7	1803.636	343.434	19840.000	1356.000	2344.000	11	
ROI 7	1817.636	372.695	19994.000	1337.000	2445.000	11	
ROI 7	1814.545	369.750	19960.000	1312.000	2442.000	11	
ROI 7	1825.273	360.636	20078.000	1326.000	2431.000	11	
ROI 7	1823.455	361.566	20058.000	1338.000	2429.000	11	
ROI 7	1820.273	359.039	20023.000	1334.000	2408.000	11	
ROI 7	1809.182	357.810	19901.000	1341.000	2381.000	11	
ROI 7	1834.727	362.255	20182.000	1354.000	2411.000	11	
ROI 7	1839.182	373.772	20231.000	1398.000	2536.000	11	
ROI 7	1851.818	363.159	20370.000	1346.000	2450.000	11	
ROI 7	1847.909	366.576	20327.000	1370.000	2449.000	11	
ROI 7	1862.273	357.685	20485.000	1399.000	2528.000	11	
ROI 7	1862.273	352.263	20485.000	1394.000	2456.000	11	
ROI 7	1852.273	383.708	20375.000	1346.000	2528.000	11	
ROI 7	1871.000	383.278	20581.000	1358.000	2495.000	11	
ROI 7	1875.455	360.509	20630.000	1406.000	2478.000	11	
ROI 7	1879.818	359.095	20678.000	1404.000	2463.000	11	
ROI 7	1888.091	368.493	20769.000	1406.000	2440.000	11	
ROI 7	1885.364	374.585	20739.000	1398.000	2521.000	11	
ROI 7	1896.273	384.288	20859.000	1369.000	2527.000	11	
ROI 7	1931.182	375.833	21243.000	1421.000	2599.000	11	
ROI 7	1948.818	378.010	21437.000	1432.000	2571.000	11	
ROI 7	1957.182	373.451	21529.000	1435.000	2563.000	11	
ROI 7	1960.273	387.475	21563.000	1429.000	2583.000	11	
ROI 7	1947.364	401.745	21421.000	1374.000	2638.000	11	
ROI 7	1974.727	379.441	21722.000	1395.000	2644.000	11	
ROI 7	1976.909	394.745	21746.000	1490.000	2664.000	11	
ROI 7	1976.545	397.684	21742.000	1466.000	2710.000	11	
ROI 7	2001.455	392.633	22016.000	1508.000	2733.000	11	
ROI 7	2015.636	386.225	22172.000	1482.000	2651.000	11	
ROI 7	2043.455	414.863	22478.000	1455.000	2731.000	11	
ROI 7	2055.909	403.797	22615.000	1497.000	2705.000	11	
ROI 7	2047.091	411.007	22518.000	1548.000	2785.000	11	
ROI 7	2064.455	413.438	22709.000	1509.000	2778.000	11	
ROI 7	2072.909	422.618	22802.000	1595.000	2814.000	11	
ROI 7	2096.364	425.928	23060.000	1527.000	2809.000	11	
ROI 7	2098.909	431.456	23088.000	1499.000	2838.000	11	
ROI 7	2142.364	409.150	23566.000	1643.000	2846.000	11	
ROI 7	2163.091	438.471	23794.000	1616.000	2925.000	11	
ROI 7	2187.727	407.366	24065.000	1615.000	2822.000	11	
ROI 7	2205.364	464.627	24259.000	1597.000	2999.000	11	
ROI 7	2248.636	440.574	24735.000	1648.000	3051.000	11	
ROI 7	2282.636	454.795	25109.000	1643.000	3105.000	11	
ROI 7	2288.000	450.401	25168.000	1669.000	3089.000	11	
ROI 7	2323.273	473.688	25556.000	1673.000	3152.000	11	
ROI 7	2386.000	457.242	26246.000	1777.000	3217.000	11	
ROI 7	2443.000	483.928	26873.000	1775.000	3259.000	11	
ROI 7	2558.455	497.237	28143.000	1909.000	3440.000	11	
ROI 8	312.889	98.006	2816.000	127.000	463.000	9	
ROI 8	193.111	87.351	1738.000	89.000	318.000	9	
ROI 8	136.667	47.990	1230.000	84.000	207.000	9	
ROI 8	117.889	22.915	1061.000	84.000	152.000	9	
ROI 8	151.111	60.744	1360.000	85.000	287.000	9	
ROI 8	190.111	45.556	1711.000	128.000	276.000	9	
ROI 8	253.444	75.402	2281.000	156.000	406.000	9	
ROI 8	270.778	65.396	2437.000	204.000	414.000	9	
ROI 8	345.889	61.085	3113.000	262.000	456.000	9	
ROI 8	358.778	69.287	3229.000	258.000	489.000	9	
ROI 8	376.778	79.777	3391.000	275.000	524.000	9	
ROI 8	422.333	67.939	3801.000	340.000	541.000	9	
ROI 8	453.444	81.265	4081.000	323.000	602.000	9	
ROI 8	477.333	90.649	4296.000	349.000	614.000	9	
ROI 8	510.111	94.078	4591.000	415.000	697.000	9	
ROI 8	510.000	94.090	4590.000	364.000	659.000	9	
ROI 8	516.556	77.848	4649.000	401.000	665.000	9	
ROI 8	528.556	84.868	4757.000	404.000	704.000	9	
ROI 8	541.889	69.003	4877.000	458.000	678.000	9	
ROI 8	514.333	79.881	4629.000	422.000	684.000	9	
ROI 8	545.333	86.080	4908.000	452.000	688.000	9	
ROI 8	531.556	88.884	4784.000	431.000	703.000	9	
ROI 8	557.667	79.850	5019.000	477.000	713.000	9	
ROI 8	554.000	92.852	4986.000	467.000	740.000	9	
ROI 8	552.556	104.933	4973.000	423.000	752.000	9	
ROI 8	577.444	100.050	5197.000	445.000	798.000	9	
ROI 8	569.889	85.752	5129.000	478.000	697.000	9	
ROI 8	567.778	102.539	5110.000	440.000	760.000	9	
ROI 8	580.000	90.402	5220.000	486.000	741.000	9	
ROI 8	586.556	98.912	5279.000	465.000	768.000	9	
ROI 8	576.889	84.493	5192.000	455.000	724.000	9	
ROI 8	598.222	96.136	5384.000	481.000	777.000	9	
ROI 8	582.778	96.028	5245.000	471.000	779.000	9	
ROI 8	606.111	86.001	5455.000	507.000	762.000	9	
ROI 8	596.333	103.486	5367.000	488.000	798.000	9	
ROI 8	597.667	99.125	5379.000	459.000	802.000	9	
ROI 8	617.333	87.844	5556.000	501.000	766.000	9	
ROI 8	618.667	82.757	5568.000	525.000	774.000	9	
ROI 8	601.111	99.636	5410.000	480.000	798.000	9	
ROI 8	612.222	102.951	5510.000	501.000	820.000	9	
ROI 8	614.667	90.460	5532.000	515.000	776.000	9	
ROI 8	614.667	105.153	5532.000	497.000	844.000	9	
ROI 8	608.333	109.584	5475.000	507.000	838.000	9	
ROI 8	626.667	95.602	5640.000	532.000	806.000	9	
ROI 8	604.667	105.119	5442.000	477.000	811.000	9	
ROI 8	624.778	86.103	5623.000	530.000	814.000	9	
ROI 8	622.333	94.759	5601.000	548.000	807.000	9	
ROI 8	612.333	104.505	5511.000	456.000	774.000	9	
ROI 8	637.222	116.892	5735.000	482.000	854.000	9	
ROI 8	618.000	85.267	5562.000	526.000	813.000	9	
ROI 8	638.444	88.921	5746.000	549.000	776.000	9	
ROI 8	613.667	101.639	5523.000	494.000	807.000	9	
ROI 8	621.778	91.783	5596.000	497.000	803.000	9	
ROI 8	643.111	77.871	5788.000	559.000	808.000	9	
ROI 8	633.556	100.515	5702.000	506.000	823.000	9	
ROI 8	631.333	112.261	5682.000	521.000	895.000	9	
ROI 8	639.889	92.561	5759.000	514.000	795.000	9	
ROI 8	633.222	96.367	5699.000	532.000	830.000	9	
ROI 8	629.000	100.894	5661.000	510.000	797.000	9	
ROI 8	642.889	108.553	5786.000	503.000	805.000	9	
ROI 8	630.333	105.360	5673.000	496.000	795.000	9	
ROI 8	642.556	105.666	5783.000	519.000	855.000	9	
ROI 8	626.333	99.545	5637.000	504.000	827.000	9	
ROI 8	646.333	96.372	5817.000	520.000	846.000	9	
ROI 8	636.667	108.155	5730.000	514.000	862.000	9	
ROI 8	655.556	89.510	5900.000	546.000	834.000	9	
ROI 8	637.778	97.532	5740.000	526.000	850.000	9	
ROI 8	644.000	103.611	5796.000	527.000	827.000	9	
ROI 8	656.444	105.862	5908.000	560.000	904.000	9	
ROI 8	638.889	94.559	5750.000	519.000	832.000	9	
ROI 8	629.556	91.654	5666.000	485.000	780.000	9	
ROI 8	639.778	97.831	5758.000	499.000	818.000	9	
ROI 8	650.444	98.751	5854.000	531.000	843.000	9	
ROI 8	641.111	116.582	5770.000	501.000	863.000	9	
ROI 8	652.222	101.410	5870.000	520.000	834.000	9	
ROI 8	636.222	105.826	5726.000	542.000	879.000	9	
ROI 8	626.556	96.061	5639.000	496.000	788.000	9	
ROI 8	648.667	108.745	5838.000	515.000	853.000	9	
ROI 8	644.556	105.049	5801.000	468.000	835.000	9	
ROI 8	638.444	124.040	5746.000	509.000	889.000	9	
ROI 8	651.667	99.447	5865.000	529.000	828.000	9	
ROI 8	651.556	112.440	5864.000	508.000	877.000	9	
ROI 8	662.444	87.076	5962.000	554.000	840.000	9	
ROI 8	658.556	84.652	5927.000	569.000	829.000	9	
ROI 8	636.556	106.363	5729.000	497.000	852.000	9	
ROI 8	657.111	86.874	5914.000	546.000	844.000	9	
ROI 8	636.556	113.900	5729.000	523.000	851.000	9	
ROI 8	656.222	108.301	5906.000	521.000	842.000	9	
ROI 8	667.556	103.667	6008.000	552.000	881.000	9	
ROI 8	660.889	97.341	5948.000	555.000	792.000	9	
ROI 8	653.889	123.815	5885.000	501.000	874.000	9	
ROI 8	658.111	103.900	5923.000	550.000	865.000	9	
ROI 8	647.667	105.562	5829.000	500.000	857.000	9	
ROI 8	658.444	112.636	5926.000	545.000	891.000	9	
ROI 8	650.444	123.982	5854.000	508.000	879.000	9	
ROI 8	672.444	118.875	6052.000	526.000	898.000	9	
ROI 8	683.667	102.299	6153.000	534.000	885.000	9	
ROI 8	647.556	102.864	5828.000	530.000	846.000	9	
ROI 8	644.222	123.953	5798.000	501.000	879.000	9	
ROI 8	654.333	106.088	5889.000	513.000	859.000	9	
ROI 8	660.111	103.493	5941.000	573.000	886.000	9	
ROI 8	660.333	122.480	5943.000	506.000	886.000	9	
ROI 8	678.778	102.756	6109.000	516.000	849.000	9	
ROI 8	669.111	115.154	6022.000	480.000	861.000	9	
ROI 8	664.667	106.484	5982.000	532.000	852.000	9	
ROI 9	2674.091	270.766	29415.000	2390.000	3160.000	11	
ROI 9	2600.091	277.348	28601.000	2283.000	3070.000	11	
ROI 9	2514.455	261.208	27659.000	2171.000	2936.000	11	
ROI 9	2392.455	274.241	26317.000	2098.000	2930.000	11	
ROI 9	2322.364	261.050	25546.000	2073.000	2860.000	11	
ROI 9	2234.636	229.577	24581.000	1965.000	2672.000	11	
ROI 9	2164.273	234.270	23807.000	1860.000	2544.000	11	
ROI 9	1249.364	101.474	13743.000	1112.000	1424.000	11	
ROI 9	1310.364	146.111	14414.000	1136.000	1542.000	11	
ROI 9	1327.000	135.615	14597.000	1174.000	1587.000	11	
ROI 9	1354.000	131.879	14894.000	1212.000	1607.000	11	
ROI 9	1387.455	124.295	15262.000	1258.000	1611.000	11	
ROI 9	1388.909	150.111	15278.000	1200.000	1632.000	11	
ROI 9	1407.455	124.581	15482.000	1294.000	1662.000	11	
ROI 9	1433.545	150.581	15769.000	1276.000	1714.000	11	
ROI 9	1438.818	129.389	15827.000	1268.000	1635.000	11	
ROI 9	1452.273	151.574	15975.000	1275.000	1729.000	11	
ROI 9	1459.364	125.199	16053.000	1305.000	1699.000	11	
ROI 9	1462.818	156.778	16091.000	1325.000	1819.000	11	
ROI 9	1458.545	114.687	16044.000	1290.000	1634.000	11	
ROI 9	1465.364	145.550	16119.000	1281.000	1709.000	11	
ROI 9	1479.545	149.769	16275.000	1299.000	1734.000	11	
ROI 9	1503.727	137.796	16541.000	1363.000	1724.000	11	
ROI 9	1522.000	155.962	16742.000	1349.000	1790.000	11	
ROI 9	1525.000	140.348	16775.000	1349.000	1754.000	11	
ROI 9	1525.455	137.550	16780.000	1345.000	1724.000	11	
ROI 9	1528.909	152.836	16818.000	1354.000	1799.000	11	
ROI 9	1517.182	157.117	16689.000	1342.000	1763.000	11	
ROI 9	1551.091	135.991	17062.000	1372.000	1752.000	11	
ROI 9	1577.909	146.786	17357.000	1435.000	1815.000	11	
ROI 9	1544.182	140.707	16986.000	1365.000	1752.000	11	
ROI 9	1581.818	149.485	17400.000	1416.000	1856.000	11	
ROI 9	1581.727	146.738	17399.000	1392.000	1838.000	11	
ROI 9	1575.364	149.813	17329.000	1392.000	1860.000	11	
ROI 9	1627.273	160.917	17900.000	1445.000	1916.000	11	
ROI 9	1597.364	165.470	17571.000	1418.000	1858.000	11	
ROI 9	1614.545	135.603	17760.000	1448.000	1856.000	11	
ROI 9	1637.545	165.973	18013.000	1438.000	1925.000	11	
ROI 9	1633.909	137.693	17973.000	1461.000	1857.000	11	
ROI 9	1598.818	161.154	17587.000	1420.000	1867.000	11	
ROI 9	1627.818	160.591	17906.000	1439.000	1954.000	11	
ROI 9	1663.182	151.826	18295.000	1487.000	1899.000	11	
ROI 9	1658.909	155.237	18248.000	1463.000	1960.000	11	
ROI 9	1669.273	156.209	18362.000	1501.000	1956.000	11	
ROI 9	1678.818	158.368	18467.000	1467.000	1944.000	11	
ROI 9	1676.909	155.521	18446.000	1505.000	1960.000	11	
ROI 9	1668.818	141.042	18357.000	1525.000	1896.000	11	
ROI 9	1680.818	174.898	18489.000	1476.000	1991.000	11	
ROI 9	1700.818	191.509	18709.000	1499.000	2005.000	11	
ROI 9	1698.636	166.880	18685.000	1515.000	1966.000	11	
ROI 9	1719.818	159.959	18918.000	1538.000	2013.000	11	
ROI 9	1719.273	155.491	18912.000	1475.000	1988.000	11	
ROI 9	1735.455	181.326	19090.000	1552.000	2059.000	11	
ROI 9	1759.364	166.814	19353.000	1531.000	2038.000	11	
ROI 9	1751.091	186.185	19262.000	1505.000	2077.000	11	
ROI 9	1765.182	174.961	19417.000	1555.000	2062.000	11	
ROI 9	1760.818	172.943	19369.000	1574.000	2062.000	11	
ROI 9	1768.636	157.176	19455.000	1567.000	1998.000	11	
ROI 9	1789.545	168.383	19685.000	1622.000	2120.000	11	
ROI 9	1789.636	162.917	19686.000	1570.000	2050.000	11	
ROI 9	1794.818	192.643	19743.000	1574.000	2118.000	11	
ROI 9	1795.091	163.820	19746.000	1612.000	2093.000	11	
ROI 9	1790.545	171.803	19696.000	1593.000	2089.000	11	
ROI 9	1783.182	173.710	19615.000	1589.000	2109.000	11	
ROI 9	1812.545	180.098	19938.000	1633.000	2138.000	11	
ROI 9	1807.818	176.887	19886.000	1594.000	2122.000	11	
ROI 9	1833.818	186.770	20172.000	1594.000	2140.000	11	
ROI 9	1820.455	187.916	20025.000	1634.000	2165.000	11	
ROI 9	1843.818	181.544	20282.000	1615.000	2136.000	11	
ROI 9	1850.182	176.182	20352.000	1648.000	2112.000	11	
ROI 9	1836.000	176.508	20196.000	1643.000	2177.000	11	
ROI 9	1845.273	182.681	20298.000	1646.000	2165.000	11	
ROI 9	1843.273	177.364	20276.000	1623.000	2126.000	11	
ROI 9	1864.000	173.741	20504.000	1675.000	2157.000	11	
ROI 9	1865.909	187.580	20525.000	1673.000	2266.000	11	
ROI 9	1917.545	197.556	21093.000	1647.000	2254.000	11	
ROI 9	1900.818	183.937	20909.000	1713.000	2251.000	11	
ROI 9	1912.727	186.572	21040.000	1684.000	2240.000	11	
ROI 9	1925.545	190.283	21181.000	1634.000	2297.000	11	
ROI 9	1960.455	197.692	21565.000	1761.000	2328.000	11	
ROI 9	1951.000	199.738	21461.000	1726.000	2302.000	11	
ROI 9	1999.273	191.478	21992.000	1783.000	2324.000	11	
ROI 9	1978.818	206.586	21767.000	1718.000	2331.000	11	
ROI 9	2008.818	200.823	22097.000	1802.000	2382.000	11	
ROI 9	2003.545	187.659	22039.000	1740.000	2323.000	11	
ROI 9	2021.182	222.702	22233.000	1808.000	2403.000	11	
ROI 9	2039.636	210.855	22436.000	1730.000	2367.000	11	
ROI 9	2059.818	215.985	22658.000	1832.000	2398.000	11	
ROI 9	2046.455	218.538	22511.000	1795.000	2459.000	11	
ROI 9	2072.455	206.403	22797.000	1828.000	2424.000	11	
ROI 9	2075.909	229.826	22835.000	1806.000	2484.000	11	
ROI 9	2122.091	224.292	23343.000	1844.000	2505.000	11	
ROI 9	2143.636	210.556	23580.000	1894.000	2502.000	11	
ROI 9	2167.545	237.969	23843.000	1910.000	2613.000	11	
ROI 9	2187.545	225.271	24063.000	1902.000	2561.000	11	
ROI 9	2211.818	222.148	24330.000	1992.000	2611.000	11	
ROI 9	2209.364	248.859	24303.000	1952.000	2665.000	11	
ROI 9	2275.636	236.170	25032.000	1966.000	2682.000	11	
ROI 9	2293.455	243.817	25228.000	1964.000	2767.000	11	
ROI 9	2337.000	250.852	25707.000	2011.000	2747.000	11	
ROI 9	2357.273	217.434	25930.000	2134.000	2741.000	11	
ROI 9	2390.455	257.739	26295.000	2139.000	2805.000	11	
ROI 9	2416.545	241.825	26582.000	2166.000	2871.000	11	
ROI 9	2477.545	265.139	27253.000	2197.000	2950.000	11	
ROI 9	2586.727	254.276	28454.000	2331.000	2969.000	11	
ROI 10	2305.533	236.427	34583.000	1993.000	2851.000	15	
ROI 10	2154.133	239.141	32312.000	1815.000	2687.000	15	
ROI 10	2056.600	207.012	30849.000	1777.000	2522.000	15	
ROI 10	1875.933	187.605	28139.000	1630.000	2305.000	15	
ROI 10	1767.067	193.819	26506.000	1515.000	2262.000	15	
ROI 10	1660.467	182.946	24907.000	1402.000	2067.000	15	
ROI 10	1575.533	175.868	23633.000	1349.000	1995.000	15	
ROI 10	1064.067	90.218	15961.000	923.000	1230.000	15	
ROI 10	1105.533	107.750	16583.000	940.000	1327.000	15	
ROI 10	1132.600	112.699	16989.000	980.000	1383.000	15	
ROI 10	1164.533	139.992	17468.000	962.000	1414.000	15	
ROI 10	1215.533	112.317	18233.000	1009.000	1472.000	15	
ROI 10	1227.733	127.566	18416.000	1064.000	1473.000	15	
ROI 10	1296.533	124.262	19448.000	1103.000	1615.000	15	
ROI 10	1311.000	140.672	19665.000	1112.000	1642.000	15	
ROI 10	1303.267	132.500	19549.000	1150.000	1625.000	15	
ROI 10	1334.000	124.067	20010.000	1189.000	1591.000	15	
ROI 10	1352.600	119.672	20289.000	1175.000	1620.000	15	
ROI 10	1356.933	133.369	20354.000	1177.000	1601.000	15	
ROI 10	1373.667	132.562	20605.000	1200.000	1668.000	15	
ROI 10	1390.933	132.670	20864.000	1231.000	1736.000	15	
ROI 10	1392.400	136.737	20886.000	1210.000	1700.000	15	
ROI 10	1408.667	138.943	21130.000	1199.000	1702.000	15	
ROI 10	1424.533	136.682	21368.000	1248.000	1693.000	15	
ROI 10	1433.733	130.575	21506.000	1249.000	1731.000	15	
ROI 10	1450.600	135.784	21759.000	1265.000	1734.000	15	
ROI 10	1438.600	139.908	21579.000	1230.000	1705.000	15	
ROI 10	1464.067	128.092	21961.000	1280.000	1746.000	15	
ROI 10	1474.400	140.194	22116.000	1286.000	1795.000	15	
ROI 10	1496.000	141.898	22440.000	1276.000	1816.000	15	
ROI 10	1495.333	138.421	22430.000	1287.000	1785.000	15	
ROI 10	1516.400	128.992	22746.000	1317.000	1758.000	15	
ROI 10	1528.667	133.352	22930.000	1333.000	1797.000	15	
ROI 10	1530.867	136.289	22963.000	1294.000	1768.000	15	
ROI 10	1535.867	142.601	23038.000	1318.000	1827.000	15	
ROI 10	1552.267	148.259	23284.000	1352.000	1848.000	15	
ROI 10	1568.200	129.962	23523.000	1390.000	1892.000	15	
ROI 10	1567.467	149.562	23512.000	1336.000	1878.000	15	
ROI 10	1581.733	132.187	23726.000	1424.000	1849.000	15	
ROI 10	1590.533	153.290	23858.000	1397.000	1916.000	15	
ROI 10	1604.533	128.608	24068.000	1404.000	1867.000	15	
ROI 10	1610.533	150.307	24158.000	1405.000	1916.000	15	
ROI 10	1621.267	155.521	24319.000	1393.000	1989.000	15	
ROI 10	1621.867	141.199	24328.000	1441.000	1944.000	15	
ROI 10	1626.600	164.003	24399.000	1396.000	1972.000	15	
ROI 10	1654.867	141.470	24823.000	1467.000	1929.000	15	
ROI 10	1660.133	151.880	24902.000	1435.000	1943.000	15	
ROI 10	1684.933	150.639	25274.000	1494.000	2035.000	15	
ROI 10	1667.533	144.310	25013.000	1467.000	1959.000	15	
ROI 10	1681.400	160.482	25221.000	1468.000	1980.000	15	
ROI 10	1707.267	157.961	25609.000	1497.000	2080.000	15	
ROI 10	1702.200	150.028	25533.000	1468.000	2050.000	15	
ROI 10	1722.467	153.766	25837.000	1507.000	2057.000	15	
ROI 10	1728.333	146.445	25925.000	1541.000	2033.000	15	
ROI 10	1724.000	155.363	25860.000	1480.000	2027.000	15	
ROI 10	1743.267	172.923	26149.000	1506.000	2096.000	15	
ROI 10	1750.200	169.868	26253.000	1547.000	2119.000	15	
ROI 10	1749.933	147.892	26249.000	1545.000	2079.000	15	
ROI 10	1766.333	153.387	26495.000	1562.000	2112.000	15	
ROI 10	1787.267	155.298	26809.000	1587.000	2108.000	15	
ROI 10	1780.600	153.810	26709.000	1586.000	2089.000	15	
ROI 10	1783.933	171.664	26759.000	1543.000	2139.000	15	
ROI 10	1803.867	160.545	27058.000	1592.000	2067.000	15	
ROI 10	1799.067	160.304	26986.000	1588.000	2161.000	15	
ROI 10	1803.733	171.046	27056.000	1534.000	2170.000	15	
ROI 10	1819.067	165.538	27286.000	1591.000	2170.000	15	
ROI 10	1816.600	150.875	27249.000	1617.000	2131.000	15	
ROI 10	1836.200	162.728	27543.000	1605.000	2189.000	15	
ROI 10	1837.467	163.119	27562.000	1606.000	2147.000	15	
ROI 10	1848.267	170.489	27724.000	1609.000	2256.000	15	
ROI 10	1858.067	155.606	27871.000	1635.000	2203.000	15	
ROI 10	1874.867	166.869	28123.000	1610.000	2220.000	15	
ROI 10	1861.200	175.007	27918.000	1633.000	2221.000	15	
ROI 10	1880.533	187.089	28208.000	1623.000	2236.000	15	
ROI 10	1887.200	157.689	28308.000	1676.000	2260.000	15	
ROI 10	1898.933	171.697	28484.000	1664.000	2282.000	15	
ROI 10	1932.333	166.776	28985.000	1694.000	2282.000	15	
ROI 10	1945.733	162.994	29186.000	1716.000	2296.000	15	
ROI 10	1959.733	174.798	29396.000	1726.000	2338.000	15	
ROI 10	1970.667	167.812	29560.000	1735.000	2381.000	15	
ROI 10	1990.667	182.480	29860.000	1713.000	2360.000	15	
ROI 10	2005.000	173.878	30075.000	1772.000	2377.000	15	
ROI 10	2019.200	169.121	30288.000	1803.000	2393.000	15	
ROI 10	2037.333	174.680	30560.000	1772.000	2398.000	15	
ROI 10	2032.067	182.668	30481.000	1786.000	2416.000	15	
ROI 10	2059.800	170.105	30897.000	1839.000	2411.000	15	
ROI 10	2068.467	185.195	31027.000	1817.000	2491.000	15	
ROI 10	2082.733	181.387	31241.000	1872.000	2489.000	15	
ROI 10	2102.200	184.663	31533.000	1842.000	2492.000	15	
ROI 10	2101.800	188.624	31527.000	1799.000	2488.000	15	
ROI 10	2124.800	182.541	31872.000	1903.000	2524.000	15	
ROI 10	2127.933	171.501	31919.000	1871.000	2484.000	15	
ROI 10	2147.600	177.977	32214.000	1871.000	2486.000	15	
ROI 10	2190.200	182.019	32853.000	1969.000	2575.000	15	
ROI 10	2197.867	194.975	32968.000	1942.000	2606.000	15	
ROI 10	2224.067	193.868	33361.000	1912.000	2565.000	15	
ROI 10	2247.267	176.074	33709.000	2016.000	2607.000	15	
ROI 10	2269.867	182.961	34048.000	1999.000	2634.000	15	
ROI 10	2309.867	204.472	34648.000	2020.000	2712.000	15	
ROI 10	2322.533	189.833	34838.000	2084.000	2730.000	15	
ROI 10	2342.400	205.875	35136.000	2076.000	2768.000	15	
ROI 10	2382.133	209.021	35732.000	2118.000	2846.000	15	
ROI 10	2391.800	213.796	35877.000	2118.000	2867.000	15	
ROI 10	2438.533	200.475	36578.000	2150.000	2860.000	15	
ROI 10	2488.733	213.800	37331.000	2185.000	2892.000	15	
ROI 11	3327.938	69.153	53247.000	3179.000	3457.000	16	
ROI 11	3294.438	79.693	52711.000	3153.000	3404.000	16	
ROI 11	3160.500	64.450	50568.000	3067.000	3273.000	16	
ROI 11	3107.688	87.961	49723.000	2982.000	3255.000	16	
ROI 11	3070.188	65.335	49123.000	2958.000	3174.000	16	
ROI 11	3005.625	72.553	48090.000	2860.000	3128.000	16	
ROI 11	2954.125	76.808	47266.000	2840.000	3111.000	16	
ROI 11	1619.438	39.331	25911.000	1568.000	1714.000	16	
ROI 11	1631.625	39.566	26106.000	1567.000	1689.000	16	
ROI 11	1660.438	48.566	26567.000	1539.000	1741.000	16	
ROI 11	1678.812	49.805	26861.000	1604.000	1769.000	16	
ROI 11	1683.188	54.958	26931.000	1591.000	1802.000	16	
ROI 11	1703.062	48.135	27249.000	1618.000	1791.000	16	
ROI 11	1727.750	51.682	27644.000	1628.000	1810.000	16	
ROI 11	1747.688	58.319	27963.000	1627.000	1846.000	16	
ROI 11	1749.438	52.267	27991.000	1648.000	1847.000	16	
ROI 11	1752.812	44.790	28045.000	1697.000	1864.000	16	
ROI 11	1769.250	55.911	28308.000	1669.000	1866.000	16	
ROI 11	1777.500	54.169	28440.000	1710.000	1873.000	16	
ROI 11	1764.750	40.448	28236.000	1686.000	1839.000	16	
ROI 11	1782.062	49.545	28513.000	1683.000	1848.000	16	
ROI 11	1787.000	50.632	28592.000	1706.000	1872.000	16	
ROI 11	1800.312	64.211	28805.000	1682.000	1927.000	16	
ROI 11	1804.125	52.590	28866.000	1722.000	1903.000	16	
ROI 11	1813.188	52.282	29011.000	1740.000	1922.000	16	
ROI 11	1811.812	48.603	28989.000	1734.000	1889.000	16	
ROI 11	1818.500	53.956	29096.000	1725.000	1902.000	16	
ROI 11	1809.250	57.647	28948.000	1729.000	1913.000	16	
ROI 11	1823.250	58.064	29172.000	1722.000	1914.000	16	
ROI 11	1831.625	53.294	29306.000	1751.000	1938.000	16	
ROI 11	1840.500	52.556	29448.000	1753.000	1923.000	16	
ROI 11	1850.438	49.561	29607.000	1764.000	1961.000	16	
ROI 11	1847.375	47.378	29558.000	1762.000	1920.000	16	
ROI 11	1859.875	53.947	29758.000	1766.000	1958.000	16	
ROI 11	1863.000	50.745	29808.000	1768.000	1953.000	16	
ROI 11	1862.750	54.617	29804.000	1790.000	2001.000	16	
ROI 11	1881.812	42.045	30109.000	1815.000	1987.000	16	
ROI 11	1882.625	60.111	30122.000	1785.000	1997.000	16	
ROI 11	1889.312	56.218	30229.000	1799.000	1997.000	16	
ROI 11	1895.188	52.500	30323.000	1838.000	1996.000	16	
ROI 11	1900.062	61.387	30401.000	1774.000	1979.000	16	
ROI 11	1904.500	57.241	30472.000	1785.000	1980.000	16	
ROI 11	1899.812	57.474	30397.000	1768.000	1988.000	16	
ROI 11	1927.812	57.164	30845.000	1825.000	2015.000	16	
ROI 11	1926.875	61.183	30830.000	1778.000	2031.000	16	
ROI 11	1926.438	57.055	30823.000	1799.000	2011.000	16	
ROI 11	1927.562	56.474	30841.000	1849.000	2046.000	16	
ROI 11	1948.875	51.386	31182.000	1860.000	2025.000	16	
ROI 11	1943.000	52.928	31088.000	1882.000	2051.000	16	
ROI 11	1962.562	61.406	31401.000	1864.000	2069.000	16	
ROI 11	1950.375	57.081	31206.000	1814.000	2028.000	16	
ROI 11	1966.312	63.255	31461.000	1858.000	2057.000	16	
ROI 11	1958.875	64.241	31342.000	1881.000	2051.000	16	
ROI 11	1974.312	61.857	31589.000	1818.000	2074.000	16	
ROI 11	1981.188	65.887	31699.000	1892.000	2092.000	16	
ROI 11	1980.625	50.340	31690.000	1908.000	2071.000	16	
ROI 11	1988.938	49.995	31823.000	1894.000	2062.000	16	
ROI 11	2004.750	44.232	32076.000	1919.000	2077.000	16	
ROI 11	1999.562	54.429	31993.000	1906.000	2090.000	16	
ROI 11	2007.938	56.326	32127.000	1929.000	2101.000	16	
ROI 11	2005.375	68.542	32086.000	1901.000	2129.000	16	
ROI 11	2012.812	57.779	32205.000	1920.000	2136.000	16	
ROI 11	2014.438	47.237	32231.000	1950.000	2091.000	16	
ROI 11	2025.312	62.236	32405.000	1931.000	2130.000	16	
ROI 11	2037.688	50.554	32603.000	1937.000	2117.000	16	
ROI 11	2047.500	58.518	32760.000	1957.000	2146.000	16	
ROI 11	2044.938	49.811	32719.000	1957.000	2122.000	16	
ROI 11	2056.938	60.427	32911.000	1974.000	2190.000	16	
ROI 11	2062.312	53.375	32997.000	1973.000	2163.000	16	
ROI 11	2062.062	54.408	32993.000	1995.000	2166.000	16	
ROI 11	2067.312	60.817	33077.000	1966.000	2175.000	16	
ROI 11	2068.188	50.062	33091.000	1972.000	2142.000	16	
ROI 11	2075.625	58.126	33210.000	2000.000	2180.000	16	
ROI 11	2085.625	49.913	33370.000	1986.000	2172.000	16	
ROI 11	2092.750	61.354	33484.000	1991.000	2180.000	16	
ROI 11	2105.250	57.943	33684.000	2008.000	2215.000	16	
ROI 11	2116.688	63.343	33867.000	2032.000	2250.000	16	
ROI 11	2120.250	45.135	33924.000	2029.000	2182.000	16	
ROI 11	2130.688	64.623	34091.000	2013.000	2229.000	16	
ROI 11	2150.375	66.801	34406.000	2028.000	2269.000	16	
ROI 11	2166.562	64.765	34665.000	2050.000	2267.000	16	
ROI 11	2181.688	63.058	34907.000	2082.000	2273.000	16	
ROI 11	2179.938	62.731	34879.000	2098.000	2283.000	16	
ROI 11	2205.312	61.135	35285.000	2096.000	2299.000	16	
ROI 11	2193.812	60.541	35101.000	2107.000	2312.000	16	
ROI 11	2224.812	71.525	35597.000	2120.000	2365.000	16	
ROI 11	2229.938	62.503	35679.000	2075.000	2315.000	16	
ROI 11	2260.875	72.827	36174.000	2158.000	2400.000	16	
ROI 11	2249.188	70.734	35987.000	2133.000	2373.000	16	
ROI 11	2280.688	63.183	36491.000	2180.000	2387.000	16	
ROI 11	2265.688	59.929	36251.000	2168.000	2365.000	16	
ROI 11	2287.375	67.906	36598.000	2193.000	2406.000	16	
ROI 11	2320.625	65.623	37130.000	2187.000	2421.000	16	
ROI 11	2350.625	67.032	37610.000	2261.000	2467.000	16	
ROI 11	2361.375	67.183	37782.000	2241.000	2452.000	16	
ROI 11	2380.750	60.076	38092.000	2262.000	2516.000	16	
ROI 11	2393.688	74.630	38299.000	2252.000	2534.000	16	
ROI 11	2438.188	64.348	39011.000	2338.000	2536.000	16	
ROI 11	2493.750	70.470	39900.000	2378.000	2595.000	16	
ROI 11	2515.625	67.373	40250.000	2396.000	2632.000	16	
ROI 11	2551.875	59.375	40830.000	2451.000	2653.000	16	
ROI 11	2585.750	71.522	41372.000	2454.000	2723.000	16	
ROI 11	2613.875	77.750	41822.000	2479.000	2728.000	16	
ROI 11	2668.688	71.610	42699.000	2565.000	2775.000	16	
ROI 11	2809.375	70.912	44950.000	2696.000	2932.000	16	
